30
30
-1
1
0.0666667
-1
1
0.0666667
0
0
0
0
0
0
0
0
0
0
0
0
0
0
0
0
0
0
0
0
0
0
0
0
0
0
0
0
0
0
0
0
0.000751839
0.00133181
0.0018848
0.00242572
0.00294767
0.00344246
0.003903
0.00432322
0.00469791
0.00502259
0.00529345
0.00550738
0.00566195
0.00575539
0.00578665
0.00575539
0.00566195
0.00550738
0.00529345
0.00502259
0.00469791
0.00432322
0.003903
0.00344246
0.00294767
0.00242572
0.0018848
0.00133181
0.000751839
0
0
0.00133183
0.0025499
0.00369875
0.00479892
0.00584873
0.00683874
0.00775792
0.00859557
0.00934195
0.00998843
0.0105276
0.0109534
0.0112611
0.011447
0.0115092
0.011447
0.0112611
0.0109534
0.0105276
0.00998843
0.00934195
0.00859557
0.00775792
0.00683874
0.00584873
0.00479892
0.00369875
0.0025499
0.00133183
0
0
0.00188487
0.00369883
0.00543397
0.007092
0.00866715
0.0101477
0.0115194
0.0127679
0.0138795
0.0148418
0.0156442
0.0162777
0.0167353
0.0170119
0.0171044
0.0170119
0.0167353
0.0162777
0.0156442
0.0148418
0.0138795
0.0127679
0.0115194
0.0101477
0.00866715
0.007092
0.00543397
0.00369883
0.00188487
0
0
0.00242589
0.00479919
0.00709223
0.00928928
0.0113754
0.0133337
0.0151459
0.0167938
0.01826
0.0195288
0.0205864
0.0214213
0.0220242
0.0223887
0.0225106
0.0223887
0.0220242
0.0214213
0.0205864
0.0195288
0.01826
0.0167938
0.0151459
0.0133337
0.0113754
0.00928928
0.00709223
0.00479919
0.00242589
0
0
0.002948
0.00584929
0.00866778
0.0113759
0.0139493
0.0163647
0.018599
0.0206297
0.0224357
0.0239981
0.0253001
0.0263277
0.0270697
0.0275182
0.0276682
0.0275182
0.0270697
0.0263277
0.0253001
0.0239981
0.0224357
0.0206297
0.018599
0.0163647
0.0139493
0.0113759
0.00866778
0.00584929
0.002948
0
0
0.003443
0.00683971
0.0101489
0.0133348
0.0163655
0.019211
0.021843
0.0242348
0.0263616
0.0282011
0.0297337
0.0309432
0.0318165
0.0323443
0.0325208
0.0323443
0.0318165
0.0309432
0.0297337
0.0282011
0.0263616
0.0242348
0.021843
0.019211
0.0163655
0.0133348
0.0101489
0.00683971
0.003443
0
0
0.0039038
0.00775939
0.0115213
0.0151479
0.0186007
0.0218441
0.0248446
0.0275713
0.0299958
0.0320925
0.0338393
0.0352177
0.0362129
0.0368143
0.0370155
0.0368143
0.0362129
0.0352177
0.0338393
0.0320925
0.0299958
0.0275713
0.0248446
0.0218441
0.0186007
0.0151479
0.0115213
0.00775939
0.0039038
0
0
0.00432432
0.00859763
0.0127707
0.0167968
0.0206326
0.0242372
0.0275727
0.0306041
0.0332996
0.0356306
0.0375726
0.0391049
0.0402112
0.0408797
0.0411034
0.0408797
0.0402112
0.0391049
0.0375726
0.0356306
0.0332996
0.0306041
0.0275727
0.0242372
0.0206326
0.0167968
0.0127707
0.00859763
0.00432432
0
0
0.00469933
0.00934463
0.0138831
0.0182642
0.02244
0.0263655
0.0299987
0.0333012
0.0362378
0.0387775
0.0408933
0.0425627
0.0437681
0.0444964
0.0447401
0.0444964
0.0437681
0.0425627
0.0408933
0.0387775
0.0362378
0.0333012
0.0299987
0.0263655
0.02244
0.0182642
0.0138831
0.00934463
0.00469933
0
0
0.00502434
0.00999176
0.0148464
0.0195342
0.0240038
0.0282065
0.0320971
0.0356339
0.0387793
0.0414996
0.0437659
0.0455541
0.0468451
0.0476253
0.0478863
0.0476253
0.0468451
0.0455541
0.0437659
0.0414996
0.0387793
0.0356339
0.0320971
0.0282065
0.0240038
0.0195342
0.0148464
0.00999176
0.00502434
0
0
0.00529551
0.0105316
0.0156496
0.0205929
0.0253071
0.0297406
0.0338455
0.0375776
0.0408968
0.0437676
0.0461594
0.0480466
0.0494092
0.0502325
0.050508
0.0502325
0.0494092
0.0480466
0.0461594
0.0437676
0.0408968
0.0375776
0.0338455
0.0297406
0.0253071
0.0205929
0.0156496
0.0105316
0.00529551
0
0
0.00550971
0.0109579
0.0162839
0.0214288
0.0263358
0.0309514
0.0352253
0.0391114
0.0425678
0.0455574
0.0480482
0.0500136
0.0514326
0.0522901
0.052577
0.0522901
0.0514326
0.0500136
0.0480482
0.0455574
0.0425678
0.0391114
0.0352253
0.0309514
0.0263358
0.0214288
0.0162839
0.0109579
0.00550971
0
0
0.00566447
0.0112659
0.0167421
0.0220325
0.0270787
0.0318257
0.0362216
0.0402189
0.0437743
0.0468497
0.049412
0.0514339
0.0528937
0.0537758
0.0540709
0.0537758
0.0528937
0.0514339
0.049412
0.0468497
0.0437743
0.0402189
0.0362216
0.0318257
0.0270787
0.0220325
0.0167421
0.0112659
0.00566447
0
0
0.00575804
0.0114521
0.0170191
0.0223974
0.0275278
0.0323541
0.0368237
0.0408882
0.0445034
0.0476307
0.0502362
0.0522922
0.0537767
0.0546737
0.0549738
0.0546737
0.0537767
0.0522922
0.0502362
0.0476307
0.0445034
0.0408882
0.0368237
0.0323541
0.0275278
0.0223974
0.0170191
0.0114521
0.00575804
0
0
0.00578935
0.0115144
0.0171117
0.0225194
0.027678
0.0325309
0.0370252
0.0411121
0.0447474
0.0478919
0.0505119
0.0525794
0.0540721
0.0549741
0.0552758
0.0549741
0.0540721
0.0525794
0.0505119
0.0478919
0.0447474
0.0411121
0.0370252
0.0325309
0.027678
0.0225194
0.0171117
0.0115144
0.00578935
0
1.11022e-16
0.00575804
0.0114521
0.0170191
0.0223974
0.0275278
0.0323541
0.0368237
0.0408882
0.0445034
0.0476307
0.0502362
0.0522922
0.0537767
0.0546737
0.0549738
0.0546737
0.0537767
0.0522922
0.0502362
0.0476307
0.0445034
0.0408882
0.0368237
0.0323541
0.0275278
0.0223974
0.0170191
0.0114521
0.00575804
1.11022e-16
0
0.00566447
0.0112659
0.0167421
0.0220325
0.0270787
0.0318257
0.0362216
0.0402189
0.0437743
0.0468497
0.049412
0.0514339
0.0528937
0.0537758
0.0540709
0.0537758
0.0528937
0.0514339
0.049412
0.0468497
0.0437743
0.0402189
0.0362216
0.0318257
0.0270787
0.0220325
0.0167421
0.0112659
0.00566447
0
0
0.00550971
0.0109579
0.0162839
0.0214288
0.0263358
0.0309514
0.0352253
0.0391114
0.0425678
0.0455574
0.0480482
0.0500136
0.0514326
0.0522901
0.052577
0.0522901
0.0514326
0.0500136
0.0480482
0.0455574
0.0425678
0.0391114
0.0352253
0.0309514
0.0263358
0.0214288
0.0162839
0.0109579
0.00550971
0
0
0.00529551
0.0105316
0.0156496
0.0205929
0.0253071
0.0297406
0.0338455
0.0375776
0.0408968
0.0437676
0.0461594
0.0480466
0.0494092
0.0502325
0.050508
0.0502325
0.0494092
0.0480466
0.0461594
0.0437676
0.0408968
0.0375776
0.0338455
0.0297406
0.0253071
0.0205929
0.0156496
0.0105316
0.00529551
0
0
0.00502434
0.00999176
0.0148464
0.0195342
0.0240038
0.0282065
0.0320971
0.0356339
0.0387793
0.0414996
0.0437659
0.0455541
0.0468451
0.0476253
0.0478863
0.0476253
0.0468451
0.0455541
0.0437659
0.0414996
0.0387793
0.0356339
0.0320971
0.0282065
0.0240038
0.0195342
0.0148464
0.00999176
0.00502434
0
0
0.00469933
0.00934463
0.0138831
0.0182642
0.02244
0.0263655
0.0299987
0.0333012
0.0362378
0.0387775
0.0408933
0.0425627
0.0437681
0.0444964
0.0447401
0.0444964
0.0437681
0.0425627
0.0408933
0.0387775
0.0362378
0.0333012
0.0299987
0.0263655
0.02244
0.0182642
0.0138831
0.00934463
0.00469933
0
0
0.00432432
0.00859763
0.0127707
0.0167968
0.0206326
0.0242372
0.0275727
0.0306041
0.0332996
0.0356306
0.0375726
0.0391049
0.0402112
0.0408797
0.0411034
0.0408797
0.0402112
0.0391049
0.0375726
0.0356306
0.0332996
0.0306041
0.0275727
0.0242372
0.0206326
0.0167968
0.0127707
0.00859763
0.00432432
0
0
0.0039038
0.00775939
0.0115213
0.0151479
0.0186007
0.0218441
0.0248446
0.0275713
0.0299958
0.0320925
0.0338393
0.0352177
0.0362129
0.0368143
0.0370155
0.0368143
0.0362129
0.0352177
0.0338393
0.0320925
0.0299958
0.0275713
0.0248446
0.0218441
0.0186007
0.0151479
0.0115213
0.00775939
0.0039038
0
0
0.003443
0.00683971
0.0101489
0.0133348
0.0163655
0.019211
0.021843
0.0242348
0.0263616
0.0282011
0.0297337
0.0309432
0.0318165
0.0323443
0.0325208
0.0323443
0.0318165
0.0309432
0.0297337
0.0282011
0.0263616
0.0242348
0.021843
0.019211
0.0163655
0.0133348
0.0101489
0.00683971
0.003443
0
0
0.002948
0.00584929
0.00866778
0.0113759
0.0139493
0.0163647
0.018599
0.0206297
0.0224357
0.0239981
0.0253001
0.0263277
0.0270697
0.0275182
0.0276682
0.0275182
0.0270697
0.0263277
0.0253001
0.0239981
0.0224357
0.0206297
0.018599
0.0163647
0.0139493
0.0113759
0.00866778
0.00584929
0.002948
0
0
0.00242589
0.00479919
0.00709223
0.00928928
0.0113754
0.0133337
0.0151459
0.0167938
0.01826
0.0195288
0.0205864
0.0214213
0.0220242
0.0223887
0.0225106
0.0223887
0.0220242
0.0214213
0.0205864
0.0195288
0.01826
0.0167938
0.0151459
0.0133337
0.0113754
0.00928928
0.00709223
0.00479919
0.00242589
0
0
0.00188487
0.00369883
0.00543397
0.007092
0.00866715
0.0101477
0.0115194
0.0127679
0.0138795
0.0148418
0.0156442
0.0162777
0.0167353
0.0170119
0.0171044
0.0170119
0.0167353
0.0162777
0.0156442
0.0148418
0.0138795
0.0127679
0.0115194
0.0101477
0.00866715
0.007092
0.00543397
0.00369883
0.00188487
0
0
0.00133183
0.0025499
0.00369875
0.00479892
0.00584873
0.00683874
0.00775792
0.00859557
0.00934195
0.00998843
0.0105276
0.0109534
0.0112611
0.011447
0.0115092
0.011447
0.0112611
0.0109534
0.0105276
0.00998843
0.00934195
0.00859557
0.00775792
0.00683874
0.00584873
0.00479892
0.00369875
0.0025499
0.00133183
0
0
0.000751839
0.00133181
0.0018848
0.00242572
0.00294767
0.00344246
0.003903
0.00432322
0.00469791
0.00502259
0.00529345
0.00550738
0.00566195
0.00575539
0.00578665
0.00575539
0.00566195
0.00550738
0.00529345
0.00502259
0.00469791
0.00432322
0.003903
0.00344246
0.00294767
0.00242572
0.0018848
0.00133181
0.000751839
0
0
0
0
0
0
0
0
0
0
0
0
0
0
0
0
0
0
0
0
0
0
0
0
0
0
0
0
0
0
0
0
