60
60
-1
1
0.0333333
-1
1
0.0333333
0
0
0
0
0
0
0
0
0
0
0
0
0
0
0
0
0
0
0
0
0
0
0
0
0
0
0
0
0
0
0
0
0
0
0
0
0
0
0
0
0
0
0
0
0
0
0
0
0
0
0
0
0
0
0
0
0
0
0
0
0
0.0655556
0.0599682
0.0554925
0.0516897
0.048354
0.0453726
0.0426765
0.0402194
0.0379683
0.0358984
0.0339909
0.0322306
0.0306052
0.0291048
0.0277209
0.0264465
0.0252755
0.0242029
0.0232241
0.0223354
0.0215335
0.0208155
0.020179
0.019622
0.0191426
0.0187393
0.018411
0.0181566
0.0179755
0.017867
0.0178309
0.017867
0.0179755
0.0181566
0.018411
0.0187393
0.0191426
0.019622
0.020179
0.0208155
0.0215335
0.0223354
0.0232241
0.0242029
0.0252755
0.0264465
0.0277209
0.0291048
0.0306052
0.0322306
0.0339909
0.0358984
0.0379683
0.0402194
0.0426765
0.0453726
0.048354
0.0516897
0.0554925
0.0599682
0.0655556
0.128889
0.118826
0.110314
0.102916
0.0963579
0.0904654
0.0851206
0.0802404
0.0757637
0.0716441
0.0678451
0.0643376
0.0610978
0.0581063
0.0553464
0.0528044
0.0504683
0.0483281
0.0463751
0.0446016
0.0430011
0.0415681
0.0402978
0.0391859
0.0382289
0.0374239
0.0367685
0.0362607
0.0358991
0.0356825
0.0356103
0.0356825
0.0358991
0.0362607
0.0367685
0.0374239
0.0382289
0.0391859
0.0402978
0.0415681
0.0430011
0.0446016
0.0463751
0.0483281
0.0504683
0.0528044
0.0553464
0.0581063
0.0610978
0.0643376
0.0678451
0.0716441
0.0757637
0.0802404
0.0851206
0.0904654
0.0963579
0.102916
0.110314
0.118826
0.128889
0.19
0.176134
0.164027
0.153308
0.143705
0.135021
0.127113
0.119873
0.113219
0.107088
0.101429
0.0961995
0.0913668
0.0869023
0.082782
0.0789858
0.0754963
0.0722987
0.0693802
0.0667296
0.0643375
0.0621954
0.0602962
0.0586338
0.0572029
0.0559993
0.0550192
0.0542599
0.053719
0.0533952
0.0532873
0.0533952
0.053719
0.0542599
0.0550192
0.0559993
0.0572029
0.0586338
0.0602962
0.0621954
0.0643375
0.0667296
0.0693802
0.0722987
0.0754963
0.0789858
0.082782
0.0869023
0.0913668
0.0961995
0.101429
0.107088
0.113219
0.119873
0.127113
0.135021
0.143705
0.153308
0.164027
0.176134
0.19
0.248889
0.231687
0.216358
0.202594
0.190146
0.178818
0.168456
0.158941
0.150178
0.142089
0.134613
0.127699
0.121304
0.115393
0.109935
0.104905
0.100279
0.0960388
0.0921679
0.0886518
0.0854779
0.0826353
0.0801148
0.0779084
0.0760091
0.0744114
0.0731103
0.0721022
0.0713842
0.0709542
0.070811
0.0709542
0.0713842
0.0721022
0.0731103
0.0744114
0.0760091
0.0779084
0.0801148
0.0826353
0.0854779
0.0886518
0.0921679
0.0960388
0.100279
0.104905
0.109935
0.115393
0.121304
0.127699
0.134613
0.142089
0.150178
0.158941
0.168456
0.178818
0.190146
0.202594
0.216358
0.231687
0.248889
0.305556
0.285373
0.267132
0.250577
0.235485
0.221669
0.208979
0.197288
0.186495
0.176514
0.167277
0.158725
0.150807
0.143484
0.136717
0.130477
0.124737
0.119474
0.114668
0.110301
0.106359
0.102827
0.0996953
0.0969533
0.0945929
0.0926069
0.0909897
0.0897365
0.0888439
0.0883093
0.0881313
0.0883093
0.0888439
0.0897365
0.0909897
0.0926069
0.0945929
0.0969533
0.0996953
0.102827
0.106359
0.110301
0.114668
0.119474
0.124737
0.130477
0.136717
0.143484
0.150807
0.158725
0.167277
0.176514
0.186495
0.197288
0.208979
0.221669
0.235485
0.250577
0.267132
0.285373
0.305556
0.36
0.337121
0.316232
0.297113
0.279567
0.263423
0.248534
0.234775
0.222041
0.210244
0.199308
0.189171
0.179778
0.171081
0.163041
0.155623
0.148796
0.142533
0.136813
0.131613
0.126918
0.122712
0.11898
0.115713
0.1129
0.110534
0.108606
0.107112
0.106048
0.105411
0.105199
0.105411
0.106048
0.107112
0.108606
0.110534
0.1129
0.115713
0.11898
0.122712
0.126918
0.131613
0.136813
0.142533
0.148796
0.155623
0.163041
0.171081
0.179778
0.189171
0.199308
0.210244
0.222041
0.234775
0.248534
0.263423
0.279567
0.297113
0.316232
0.337121
0.36
0.412222
0.386886
0.363574
0.342095
0.322274
0.303955
0.286997
0.27128
0.2567
0.243167
0.230603
0.218942
0.208124
0.1981
0.188827
0.180265
0.172381
0.165147
0.158535
0.152525
0.147096
0.14223
0.137914
0.134134
0.130879
0.12814
0.125909
0.12418
0.122949
0.122211
0.121965
0.122211
0.122949
0.12418
0.125909
0.12814
0.130879
0.134134
0.137914
0.14223
0.147096
0.152525
0.158535
0.165147
0.172381
0.180265
0.188827
0.1981
0.208124
0.218942
0.230603
0.243167
0.2567
0.27128
0.286997
0.303955
0.322274
0.342095
0.363574
0.386886
0.412222
0.462222
0.434635
0.409097
0.385441
0.363511
0.343161
0.324263
0.3067
0.290371
0.275187
0.261068
0.247946
0.235761
0.22446
0.213996
0.20433
0.195424
0.187248
0.179773
0.172975
0.166833
0.161328
0.156442
0.152163
0.148478
0.145377
0.14285
0.140892
0.139497
0.138662
0.138384
0.138662
0.139497
0.140892
0.14285
0.145377
0.148478
0.152163
0.156442
0.161328
0.166833
0.172975
0.179773
0.187248
0.195424
0.20433
0.213996
0.22446
0.235761
0.247946
0.261068
0.275187
0.290371
0.3067
0.324263
0.343161
0.363511
0.385441
0.409097
0.434635
0.462222
0.51
0.480343
0.452755
0.427088
0.4032
0.380958
0.360243
0.340945
0.322964
0.306214
0.290616
0.276102
0.262609
0.250084
0.238478
0.227749
0.217858
0.208774
0.200465
0.192907
0.186075
0.17995
0.174513
0.16975
0.165648
0.162195
0.159382
0.157201
0.155648
0.154718
0.154408
0.154718
0.155648
0.157201
0.159382
0.162195
0.165648
0.16975
0.174513
0.17995
0.186075
0.192907
0.200465
0.208774
0.217858
0.227749
0.238478
0.250084
0.262609
0.276102
0.290616
0.306214
0.322964
0.340945
0.360243
0.380958
0.4032
0.427088
0.452755
0.480343
0.51
0.555556
0.523991
0.494511
0.466984
0.441279
0.417277
0.394863
0.373936
0.354401
0.336172
0.319172
0.303335
0.288596
0.274902
0.262204
0.250457
0.239622
0.229665
0.220554
0.212263
0.204767
0.198044
0.192076
0.186846
0.182341
0.178548
0.175458
0.173063
0.171356
0.170334
0.169993
0.170334
0.171356
0.173063
0.175458
0.178548
0.182341
0.186846
0.192076
0.198044
0.204767
0.212263
0.220554
0.229665
0.239622
0.250457
0.262204
0.274902
0.288596
0.303335
0.319172
0.336172
0.354401
0.373936
0.394863
0.417277
0.441279
0.466984
0.494511
0.523991
0.555556
0.598889
0.565564
0.534337
0.505088
0.477698
0.452057
0.428059
0.405607
0.384612
0.36499
0.346668
0.329577
0.313656
0.298851
0.285112
0.272393
0.260656
0.249864
0.239986
0.230992
0.222858
0.215562
0.209082
0.203404
0.198511
0.194391
0.191035
0.188432
0.186578
0.185468
0.185098
0.185468
0.186578
0.188432
0.191035
0.194391
0.198511
0.203404
0.209082
0.215562
0.222858
0.230992
0.239986
0.249864
0.260656
0.272393
0.285112
0.298851
0.313656
0.329577
0.346668
0.36499
0.384612
0.405607
0.428059
0.452057
0.477698
0.505088
0.534337
0.565564
0.598889
0.64
0.605049
0.572208
0.541366
0.512415
0.485251
0.459777
0.435901
0.413537
0.392608
0.37304
0.354767
0.337729
0.321872
0.307145
0.293503
0.280907
0.26932
0.258709
0.249044
0.240301
0.232455
0.225487
0.219379
0.214115
0.209682
0.20607
0.203269
0.201273
0.200078
0.19968
0.200078
0.201273
0.203269
0.20607
0.209682
0.214115
0.219379
0.225487
0.232455
0.240301
0.249044
0.258709
0.26932
0.280907
0.293503
0.307145
0.321872
0.337729
0.354767
0.37304
0.392608
0.413537
0.435901
0.459777
0.485251
0.512415
0.541366
0.572208
0.605049
0.64
0.678889
0.642438
0.608106
0.57579
0.545392
0.516815
0.489969
0.464766
0.441125
0.418971
0.398234
0.37885
0.36076
0.343909
0.328249
0.313734
0.300323
0.287981
0.276674
0.266372
0.257049
0.248681
0.241247
0.234729
0.22911
0.224379
0.220522
0.217532
0.215401
0.214125
0.2137
0.214125
0.215401
0.217532
0.220522
0.224379
0.22911
0.234729
0.241247
0.248681
0.257049
0.266372
0.276674
0.287981
0.300323
0.313734
0.328249
0.343909
0.36076
0.37885
0.398234
0.418971
0.441125
0.464766
0.489969
0.516815
0.545392
0.57579
0.608106
0.642438
0.678889
0.715556
0.677721
0.642012
0.608336
0.576601
0.546715
0.518595
0.492158
0.467328
0.444031
0.422202
0.401777
0.382699
0.364915
0.348376
0.333037
0.318859
0.305803
0.293838
0.282933
0.27306
0.264196
0.25632
0.249413
0.243458
0.238443
0.234355
0.231185
0.228925
0.227572
0.227121
0.227572
0.228925
0.231185
0.234355
0.238443
0.243458
0.249413
0.25632
0.264196
0.27306
0.282933
0.293838
0.305803
0.318859
0.333037
0.348376
0.364915
0.382699
0.401777
0.422202
0.444031
0.467328
0.492158
0.518595
0.546715
0.576601
0.608336
0.642012
0.677721
0.715556
0.75
0.71089
0.673915
0.638984
0.606014
0.57492
0.545621
0.51804
0.492105
0.467746
0.444899
0.423503
0.403501
0.384844
0.367481
0.35137
0.336469
0.322743
0.310158
0.298684
0.288294
0.278962
0.270669
0.263394
0.257122
0.251838
0.24753
0.24419
0.241809
0.240382
0.239907
0.240382
0.241809
0.24419
0.24753
0.251838
0.257122
0.263394
0.270669
0.278962
0.288294
0.298684
0.310158
0.322743
0.336469
0.35137
0.367481
0.384844
0.403501
0.423503
0.444899
0.467746
0.492105
0.51804
0.545621
0.57492
0.606014
0.638984
0.673915
0.71089
0.75
0.782222
0.741942
0.703801
0.667717
0.63361
0.601402
0.571015
0.542378
0.515421
0.490078
0.466286
0.443987
0.423127
0.403655
0.385524
0.368691
0.353116
0.338762
0.325596
0.313589
0.302712
0.292942
0.284256
0.276636
0.270065
0.264529
0.260015
0.256514
0.254019
0.252524
0.252026
0.252524
0.254019
0.256514
0.260015
0.264529
0.270065
0.276636
0.284256
0.292942
0.302712
0.313589
0.325596
0.338762
0.353116
0.368691
0.385524
0.403655
0.423127
0.443987
0.466286
0.490078
0.515421
0.542378
0.571015
0.601402
0.63361
0.667717
0.703801
0.741942
0.782222
0.812222
0.770869
0.73166
0.694519
0.65937
0.626138
0.594752
0.565143
0.537244
0.510992
0.486328
0.463194
0.441539
0.421312
0.402468
0.384964
0.368761
0.353823
0.340116
0.327612
0.316282
0.306101
0.29705
0.289107
0.282256
0.276484
0.271777
0.268126
0.265524
0.263964
0.263445
0.263964
0.265524
0.268126
0.271777
0.276484
0.282256
0.289107
0.29705
0.306101
0.316282
0.327612
0.340116
0.353823
0.368761
0.384964
0.402468
0.421312
0.441539
0.463194
0.486328
0.510992
0.537244
0.565143
0.594752
0.626138
0.65937
0.694519
0.73166
0.770869
0.812222
0.84
0.797668
0.757485
0.719378
0.683276
0.649109
0.616809
0.586309
0.557547
0.530461
0.504995
0.481093
0.458705
0.437782
0.41828
0.400156
0.383373
0.367893
0.353686
0.34072
0.32897
0.318409
0.309017
0.300775
0.293665
0.287672
0.282786
0.278996
0.276294
0.274675
0.274136
0.274675
0.276294
0.278996
0.282786
0.287672
0.293665
0.300775
0.309017
0.318409
0.32897
0.34072
0.353686
0.367893
0.383373
0.400156
0.41828
0.437782
0.458705
0.481093
0.504995
0.530461
0.557547
0.586309
0.616809
0.649109
0.683276
0.719378
0.757485
0.797668
0.84
0.865556
0.822335
0.781267
0.742283
0.705315
0.670298
0.637165
0.605854
0.576304
0.548457
0.522258
0.497654
0.474595
0.453035
0.432929
0.414237
0.39692
0.380943
0.366275
0.352885
0.340747
0.329836
0.320131
0.311612
0.304262
0.298067
0.293015
0.289096
0.286302
0.284628
0.284071
0.284628
0.286302
0.289096
0.293015
0.298067
0.304262
0.311612
0.320131
0.329836
0.340747
0.352885
0.366275
0.380943
0.39692
0.414237
0.432929
0.453035
0.474595
0.497654
0.522258
0.548457
0.576304
0.605854
0.637165
0.670298
0.705315
0.742283
0.781267
0.822335
0.865556
0.888889
0.844866
0.802999
0.763224
0.725475
0.689688
0.655802
0.623757
0.593495
0.564958
0.538095
0.512853
0.489185
0.467044
0.446389
0.427178
0.409376
0.392946
0.377857
0.36408
0.351587
0.340356
0.330364
0.321592
0.314023
0.307643
0.302439
0.298402
0.295524
0.2938
0.293225
0.2938
0.295524
0.298402
0.302439
0.307643
0.314023
0.321592
0.330364
0.340356
0.351587
0.36408
0.377857
0.392946
0.409376
0.427178
0.446389
0.467044
0.489185
0.512853
0.538095
0.564958
0.593495
0.623757
0.655802
0.689688
0.725475
0.763224
0.802999
0.844866
0.888889
0.91
0.865259
0.822677
0.782193
0.743743
0.707267
0.672707
0.640003
0.6091
0.579943
0.552482
0.526666
0.502449
0.479786
0.458635
0.438957
0.420716
0.403876
0.388407
0.374279
0.361466
0.349945
0.339693
0.330692
0.322924
0.316376
0.311035
0.306891
0.303936
0.302166
0.301576
0.302166
0.303936
0.306891
0.311035
0.316376
0.322924
0.330692
0.339693
0.349945
0.361466
0.374279
0.388407
0.403876
0.420716
0.438957
0.458635
0.479786
0.502449
0.526666
0.552482
0.579943
0.6091
0.640003
0.672707
0.707267
0.743743
0.782193
0.822677
0.865259
0.91
0.928889
0.883511
0.840296
0.799182
0.760111
0.723024
0.687864
0.654575
0.623103
0.593395
0.565402
0.539075
0.514369
0.49124
0.469647
0.449552
0.430918
0.413712
0.397903
0.383462
0.370362
0.358581
0.348097
0.33889
0.330945
0.324246
0.318781
0.314541
0.311518
0.309707
0.309103
0.309707
0.311518
0.314541
0.318781
0.324246
0.330945
0.33889
0.348097
0.358581
0.370362
0.383462
0.397903
0.413712
0.430918
0.449552
0.469647
0.49124
0.514369
0.539075
0.565402
0.593395
0.623103
0.654575
0.687864
0.723024
0.760111
0.799182
0.840296
0.883511
0.928889
0.945556
0.899621
0.85585
0.814186
0.774571
0.736948
0.701263
0.667461
0.63549
0.605298
0.576839
0.550063
0.524927
0.501388
0.479406
0.458943
0.439964
0.422435
0.406326
0.391608
0.378256
0.366246
0.355556
0.346168
0.338065
0.331233
0.32566
0.321335
0.318252
0.316404
0.315788
0.316404
0.318252
0.321335
0.32566
0.331233
0.338065
0.346168
0.355556
0.366246
0.378256
0.391608
0.406326
0.422435
0.439964
0.458943
0.479406
0.501388
0.524927
0.550063
0.576839
0.605298
0.63549
0.667461
0.701263
0.736948
0.774571
0.814186
0.85585
0.899621
0.945556
0.96
0.913586
0.869338
0.827199
0.787116
0.749032
0.712894
0.67865
0.646248
0.61564
0.586777
0.559614
0.534107
0.510214
0.487895
0.467115
0.447836
0.430028
0.41366
0.398702
0.385131
0.372922
0.362054
0.352509
0.34427
0.337322
0.331654
0.327256
0.32412
0.32224
0.321614
0.32224
0.32412
0.327256
0.331654
0.337322
0.34427
0.352509
0.362054
0.372922
0.385131
0.398702
0.41366
0.430028
0.447836
0.467115
0.487895
0.510214
0.534107
0.559614
0.586777
0.61564
0.646248
0.67865
0.712894
0.749032
0.787116
0.827199
0.869338
0.913586
0.96
0.972222
0.925405
0.880755
0.838218
0.79774
0.759268
0.722749
0.688133
0.655369
0.624409
0.595206
0.567716
0.541895
0.517704
0.495101
0.474052
0.454522
0.436477
0.419889
0.404729
0.390972
0.378595
0.367577
0.357899
0.349544
0.342499
0.33675
0.33229
0.329109
0.327203
0.326568
0.327203
0.329109
0.33229
0.33675
0.342499
0.349544
0.357899
0.367577
0.378595
0.390972
0.404729
0.419889
0.436477
0.454522
0.474052
0.495101
0.517704
0.541895
0.567716
0.595206
0.624409
0.655369
0.688133
0.722749
0.759268
0.79774
0.838218
0.880755
0.925405
0.972222
0.982222
0.935076
0.890099
0.847238
0.806439
0.76765
0.730821
0.695902
0.662842
0.631595
0.602116
0.574359
0.548283
0.523847
0.501013
0.479744
0.460007
0.44177
0.425002
0.409677
0.395768
0.383254
0.372112
0.362325
0.353875
0.34675
0.340936
0.336425
0.333207
0.331279
0.330637
0.331279
0.333207
0.336425
0.340936
0.34675
0.353875
0.362325
0.372112
0.383254
0.395768
0.409677
0.425002
0.44177
0.460007
0.479744
0.501013
0.523847
0.548283
0.574359
0.602116
0.631595
0.662842
0.695902
0.730821
0.76765
0.806439
0.847238
0.890099
0.935076
0.982222
0.99
0.9426
0.897369
0.854256
0.813208
0.774175
0.737105
0.70195
0.668661
0.637192
0.607498
0.579534
0.553259
0.528634
0.50562
0.484181
0.464284
0.445896
0.428989
0.413535
0.399508
0.386887
0.375649
0.365777
0.357254
0.350067
0.344202
0.339651
0.336405
0.33446
0.333812
0.33446
0.336405
0.339651
0.344202
0.350067
0.357254
0.365777
0.375649
0.386887
0.399508
0.413535
0.428989
0.445896
0.464284
0.484181
0.50562
0.528634
0.553259
0.579534
0.607498
0.637192
0.668661
0.70195
0.737105
0.774175
0.813208
0.854256
0.897369
0.9426
0.99
0.995556
0.947974
0.902563
0.859271
0.818046
0.778838
0.741597
0.706274
0.672822
0.641194
0.611347
0.583235
0.556819
0.532058
0.508916
0.487355
0.467344
0.448849
0.431842
0.416296
0.402186
0.389487
0.378181
0.368249
0.359673
0.352441
0.34654
0.34196
0.338695
0.336737
0.336085
0.336737
0.338695
0.34196
0.34654
0.352441
0.359673
0.368249
0.378181
0.389487
0.402186
0.416296
0.431842
0.448849
0.467344
0.487355
0.508916
0.532058
0.556819
0.583235
0.611347
0.641194
0.672822
0.706274
0.741597
0.778838
0.818046
0.859271
0.902563
0.947974
0.995556
0.998889
0.951199
0.90568
0.86228
0.820949
0.781636
0.744293
0.70887
0.67532
0.643597
0.613657
0.585458
0.558957
0.534115
0.510895
0.489262
0.469182
0.450623
0.433557
0.417955
0.403794
0.39105
0.379703
0.369734
0.361127
0.353868
0.347945
0.343348
0.34007
0.338106
0.337451
0.338106
0.34007
0.343348
0.347945
0.353868
0.361127
0.369734
0.379703
0.39105
0.403794
0.417955
0.433557
0.450623
0.469182
0.489262
0.510895
0.534115
0.558957
0.585458
0.613657
0.643597
0.67532
0.70887
0.744293
0.781636
0.820949
0.86228
0.90568
0.951199
0.998889
1
0.952274
0.906719
0.863283
0.821917
0.782569
0.745192
0.709735
0.676153
0.644398
0.614428
0.586199
0.55967
0.534801
0.511556
0.489898
0.469795
0.451215
0.434128
0.418509
0.40433
0.391571
0.38021
0.370229
0.361612
0.354344
0.348414
0.343811
0.340529
0.338562
0.337907
0.338562
0.340529
0.343811
0.348414
0.354344
0.361612
0.370229
0.38021
0.391571
0.40433
0.418509
0.434128
0.451215
0.469795
0.489898
0.511556
0.534801
0.55967
0.586199
0.614428
0.644398
0.676153
0.709735
0.745192
0.782569
0.821917
0.863283
0.906719
0.952274
1
0.998889
0.951199
0.90568
0.86228
0.820949
0.781636
0.744293
0.70887
0.67532
0.643597
0.613657
0.585458
0.558957
0.534115
0.510895
0.489262
0.469182
0.450623
0.433557
0.417955
0.403794
0.39105
0.379703
0.369734
0.361127
0.353868
0.347945
0.343348
0.34007
0.338106
0.337451
0.338106
0.34007
0.343348
0.347945
0.353868
0.361127
0.369734
0.379703
0.39105
0.403794
0.417955
0.433557
0.450623
0.469182
0.489262
0.510895
0.534115
0.558957
0.585458
0.613657
0.643597
0.67532
0.70887
0.744293
0.781636
0.820949
0.86228
0.90568
0.951199
0.998889
0.995556
0.947974
0.902563
0.859271
0.818046
0.778838
0.741597
0.706274
0.672822
0.641194
0.611347
0.583235
0.556819
0.532058
0.508916
0.487355
0.467344
0.448849
0.431842
0.416296
0.402186
0.389487
0.378181
0.368249
0.359673
0.352441
0.34654
0.34196
0.338695
0.336737
0.336085
0.336737
0.338695
0.34196
0.34654
0.352441
0.359673
0.368249
0.378181
0.389487
0.402186
0.416296
0.431842
0.448849
0.467344
0.487355
0.508916
0.532058
0.556819
0.583235
0.611347
0.641194
0.672822
0.706274
0.741597
0.778838
0.818046
0.859271
0.902563
0.947974
0.995556
0.99
0.9426
0.897369
0.854256
0.813208
0.774175
0.737105
0.70195
0.668661
0.637192
0.607498
0.579534
0.553259
0.528634
0.50562
0.484181
0.464284
0.445896
0.428989
0.413535
0.399508
0.386887
0.375649
0.365777
0.357254
0.350067
0.344202
0.339651
0.336405
0.33446
0.333812
0.33446
0.336405
0.339651
0.344202
0.350067
0.357254
0.365777
0.375649
0.386887
0.399508
0.413535
0.428989
0.445896
0.464284
0.484181
0.50562
0.528634
0.553259
0.579534
0.607498
0.637192
0.668661
0.70195
0.737105
0.774175
0.813208
0.854256
0.897369
0.9426
0.99
0.982222
0.935076
0.890099
0.847238
0.806439
0.76765
0.730821
0.695902
0.662842
0.631595
0.602116
0.574359
0.548283
0.523847
0.501013
0.479744
0.460007
0.44177
0.425002
0.409677
0.395768
0.383254
0.372112
0.362325
0.353875
0.34675
0.340936
0.336425
0.333207
0.331279
0.330637
0.331279
0.333207
0.336425
0.340936
0.34675
0.353875
0.362325
0.372112
0.383254
0.395768
0.409677
0.425002
0.44177
0.460007
0.479744
0.501013
0.523847
0.548283
0.574359
0.602116
0.631595
0.662842
0.695902
0.730821
0.76765
0.806439
0.847238
0.890099
0.935076
0.982222
0.972222
0.925405
0.880755
0.838218
0.79774
0.759268
0.722749
0.688133
0.655369
0.624409
0.595206
0.567716
0.541895
0.517704
0.495101
0.474052
0.454522
0.436477
0.419889
0.404729
0.390972
0.378595
0.367577
0.357899
0.349544
0.342499
0.33675
0.33229
0.329109
0.327203
0.326568
0.327203
0.329109
0.33229
0.33675
0.342499
0.349544
0.357899
0.367577
0.378595
0.390972
0.404729
0.419889
0.436477
0.454522
0.474052
0.495101
0.517704
0.541895
0.567716
0.595206
0.624409
0.655369
0.688133
0.722749
0.759268
0.79774
0.838218
0.880755
0.925405
0.972222
0.96
0.913586
0.869338
0.827199
0.787116
0.749032
0.712894
0.67865
0.646248
0.61564
0.586777
0.559614
0.534107
0.510214
0.487895
0.467115
0.447836
0.430028
0.41366
0.398702
0.385131
0.372922
0.362054
0.352509
0.34427
0.337322
0.331654
0.327256
0.32412
0.32224
0.321614
0.32224
0.32412
0.327256
0.331654
0.337322
0.34427
0.352509
0.362054
0.372922
0.385131
0.398702
0.41366
0.430028
0.447836
0.467115
0.487895
0.510214
0.534107
0.559614
0.586777
0.61564
0.646248
0.67865
0.712894
0.749032
0.787116
0.827199
0.869338
0.913586
0.96
0.945556
0.899621
0.85585
0.814186
0.774571
0.736948
0.701263
0.667461
0.63549
0.605298
0.576839
0.550063
0.524927
0.501388
0.479406
0.458943
0.439964
0.422435
0.406326
0.391608
0.378256
0.366246
0.355556
0.346168
0.338065
0.331233
0.32566
0.321335
0.318252
0.316404
0.315788
0.316404
0.318252
0.321335
0.32566
0.331233
0.338065
0.346168
0.355556
0.366246
0.378256
0.391608
0.406326
0.422435
0.439964
0.458943
0.479406
0.501388
0.524927
0.550063
0.576839
0.605298
0.63549
0.667461
0.701263
0.736948
0.774571
0.814186
0.85585
0.899621
0.945556
0.928889
0.883511
0.840296
0.799182
0.760111
0.723024
0.687864
0.654575
0.623103
0.593395
0.565402
0.539075
0.514369
0.49124
0.469647
0.449552
0.430918
0.413712
0.397903
0.383462
0.370362
0.358581
0.348097
0.33889
0.330945
0.324246
0.318781
0.314541
0.311518
0.309707
0.309103
0.309707
0.311518
0.314541
0.318781
0.324246
0.330945
0.33889
0.348097
0.358581
0.370362
0.383462
0.397903
0.413712
0.430918
0.449552
0.469647
0.49124
0.514369
0.539075
0.565402
0.593395
0.623103
0.654575
0.687864
0.723024
0.760111
0.799182
0.840296
0.883511
0.928889
0.91
0.865259
0.822677
0.782193
0.743743
0.707267
0.672707
0.640003
0.6091
0.579943
0.552482
0.526666
0.502449
0.479786
0.458635
0.438957
0.420716
0.403876
0.388407
0.374279
0.361466
0.349945
0.339693
0.330692
0.322924
0.316376
0.311035
0.306891
0.303936
0.302166
0.301576
0.302166
0.303936
0.306891
0.311035
0.316376
0.322924
0.330692
0.339693
0.349945
0.361466
0.374279
0.388407
0.403876
0.420716
0.438957
0.458635
0.479786
0.502449
0.526666
0.552482
0.579943
0.6091
0.640003
0.672707
0.707267
0.743743
0.782193
0.822677
0.865259
0.91
0.888889
0.844866
0.802999
0.763224
0.725475
0.689688
0.655802
0.623757
0.593495
0.564958
0.538095
0.512853
0.489185
0.467044
0.446389
0.427178
0.409376
0.392946
0.377857
0.36408
0.351587
0.340356
0.330364
0.321592
0.314023
0.307643
0.302439
0.298402
0.295524
0.2938
0.293225
0.2938
0.295524
0.298402
0.302439
0.307643
0.314023
0.321592
0.330364
0.340356
0.351587
0.36408
0.377857
0.392946
0.409376
0.427178
0.446389
0.467044
0.489185
0.512853
0.538095
0.564958
0.593495
0.623757
0.655802
0.689688
0.725475
0.763224
0.802999
0.844866
0.888889
0.865556
0.822335
0.781267
0.742283
0.705315
0.670298
0.637165
0.605854
0.576304
0.548457
0.522258
0.497654
0.474595
0.453035
0.432929
0.414237
0.39692
0.380943
0.366275
0.352885
0.340747
0.329836
0.320131
0.311612
0.304262
0.298067
0.293015
0.289096
0.286302
0.284628
0.284071
0.284628
0.286302
0.289096
0.293015
0.298067
0.304262
0.311612
0.320131
0.329836
0.340747
0.352885
0.366275
0.380943
0.39692
0.414237
0.432929
0.453035
0.474595
0.497654
0.522258
0.548457
0.576304
0.605854
0.637165
0.670298
0.705315
0.742283
0.781267
0.822335
0.865556
0.84
0.797668
0.757485
0.719378
0.683276
0.649109
0.616809
0.586309
0.557547
0.530461
0.504995
0.481093
0.458705
0.437782
0.41828
0.400156
0.383373
0.367893
0.353686
0.34072
0.32897
0.318409
0.309017
0.300775
0.293665
0.287672
0.282786
0.278996
0.276294
0.274675
0.274136
0.274675
0.276294
0.278996
0.282786
0.287672
0.293665
0.300775
0.309017
0.318409
0.32897
0.34072
0.353686
0.367893
0.383373
0.400156
0.41828
0.437782
0.458705
0.481093
0.504995
0.530461
0.557547
0.586309
0.616809
0.649109
0.683276
0.719378
0.757485
0.797668
0.84
0.812222
0.770869
0.73166
0.694519
0.65937
0.626138
0.594752
0.565143
0.537244
0.510992
0.486328
0.463194
0.441539
0.421312
0.402468
0.384964
0.368761
0.353823
0.340116
0.327612
0.316282
0.306101
0.29705
0.289107
0.282256
0.276484
0.271777
0.268126
0.265524
0.263964
0.263445
0.263964
0.265524
0.268126
0.271777
0.276484
0.282256
0.289107
0.29705
0.306101
0.316282
0.327612
0.340116
0.353823
0.368761
0.384964
0.402468
0.421312
0.441539
0.463194
0.486328
0.510992
0.537244
0.565143
0.594752
0.626138
0.65937
0.694519
0.73166
0.770869
0.812222
0.782222
0.741942
0.703801
0.667717
0.63361
0.601402
0.571015
0.542378
0.515421
0.490078
0.466286
0.443987
0.423127
0.403655
0.385524
0.368691
0.353116
0.338762
0.325596
0.313589
0.302712
0.292942
0.284256
0.276636
0.270065
0.264529
0.260015
0.256514
0.254019
0.252524
0.252026
0.252524
0.254019
0.256514
0.260015
0.264529
0.270065
0.276636
0.284256
0.292942
0.302712
0.313589
0.325596
0.338762
0.353116
0.368691
0.385524
0.403655
0.423127
0.443987
0.466286
0.490078
0.515421
0.542378
0.571015
0.601402
0.63361
0.667717
0.703801
0.741942
0.782222
0.75
0.71089
0.673915
0.638984
0.606014
0.57492
0.545621
0.51804
0.492105
0.467746
0.444899
0.423503
0.403501
0.384844
0.367481
0.35137
0.336469
0.322743
0.310158
0.298684
0.288294
0.278962
0.270669
0.263394
0.257122
0.251838
0.24753
0.24419
0.241809
0.240382
0.239907
0.240382
0.241809
0.24419
0.24753
0.251838
0.257122
0.263394
0.270669
0.278962
0.288294
0.298684
0.310158
0.322743
0.336469
0.35137
0.367481
0.384844
0.403501
0.423503
0.444899
0.467746
0.492105
0.51804
0.545621
0.57492
0.606014
0.638984
0.673915
0.71089
0.75
0.715556
0.677721
0.642012
0.608336
0.576601
0.546715
0.518595
0.492158
0.467328
0.444031
0.422202
0.401777
0.382699
0.364915
0.348376
0.333037
0.318859
0.305803
0.293838
0.282933
0.27306
0.264196
0.25632
0.249413
0.243458
0.238443
0.234355
0.231185
0.228925
0.227572
0.227121
0.227572
0.228925
0.231185
0.234355
0.238443
0.243458
0.249413
0.25632
0.264196
0.27306
0.282933
0.293838
0.305803
0.318859
0.333037
0.348376
0.364915
0.382699
0.401777
0.422202
0.444031
0.467328
0.492158
0.518595
0.546715
0.576601
0.608336
0.642012
0.677721
0.715556
0.678889
0.642438
0.608106
0.57579
0.545392
0.516815
0.489969
0.464766
0.441125
0.418971
0.398234
0.37885
0.36076
0.343909
0.328249
0.313734
0.300323
0.287981
0.276674
0.266372
0.257049
0.248681
0.241247
0.234729
0.22911
0.224379
0.220522
0.217532
0.215401
0.214125
0.2137
0.214125
0.215401
0.217532
0.220522
0.224379
0.22911
0.234729
0.241247
0.248681
0.257049
0.266372
0.276674
0.287981
0.300323
0.313734
0.328249
0.343909
0.36076
0.37885
0.398234
0.418971
0.441125
0.464766
0.489969
0.516815
0.545392
0.57579
0.608106
0.642438
0.678889
0.64
0.605049
0.572208
0.541366
0.512415
0.485251
0.459777
0.435901
0.413537
0.392608
0.37304
0.354767
0.337729
0.321872
0.307145
0.293503
0.280907
0.26932
0.258709
0.249044
0.240301
0.232455
0.225487
0.219379
0.214115
0.209682
0.20607
0.203269
0.201273
0.200078
0.19968
0.200078
0.201273
0.203269
0.20607
0.209682
0.214115
0.219379
0.225487
0.232455
0.240301
0.249044
0.258709
0.26932
0.280907
0.293503
0.307145
0.321872
0.337729
0.354767
0.37304
0.392608
0.413537
0.435901
0.459777
0.485251
0.512415
0.541366
0.572208
0.605049
0.64
0.598889
0.565564
0.534337
0.505088
0.477698
0.452057
0.428059
0.405607
0.384612
0.36499
0.346668
0.329577
0.313656
0.298851
0.285112
0.272393
0.260656
0.249864
0.239986
0.230992
0.222858
0.215562
0.209082
0.203404
0.198511
0.194391
0.191035
0.188432
0.186578
0.185468
0.185098
0.185468
0.186578
0.188432
0.191035
0.194391
0.198511
0.203404
0.209082
0.215562
0.222858
0.230992
0.239986
0.249864
0.260656
0.272393
0.285112
0.298851
0.313656
0.329577
0.346668
0.36499
0.384612
0.405607
0.428059
0.452057
0.477698
0.505088
0.534337
0.565564
0.598889
0.555556
0.523991
0.494511
0.466984
0.441279
0.417277
0.394863
0.373936
0.354401
0.336172
0.319172
0.303335
0.288596
0.274902
0.262204
0.250457
0.239622
0.229665
0.220554
0.212263
0.204767
0.198044
0.192076
0.186846
0.182341
0.178548
0.175458
0.173063
0.171356
0.170334
0.169993
0.170334
0.171356
0.173063
0.175458
0.178548
0.182341
0.186846
0.192076
0.198044
0.204767
0.212263
0.220554
0.229665
0.239622
0.250457
0.262204
0.274902
0.288596
0.303335
0.319172
0.336172
0.354401
0.373936
0.394863
0.417277
0.441279
0.466984
0.494511
0.523991
0.555556
0.51
0.480343
0.452755
0.427088
0.4032
0.380958
0.360243
0.340945
0.322964
0.306214
0.290616
0.276102
0.262609
0.250084
0.238478
0.227749
0.217858
0.208774
0.200465
0.192907
0.186075
0.17995
0.174513
0.16975
0.165648
0.162195
0.159382
0.157201
0.155648
0.154718
0.154408
0.154718
0.155648
0.157201
0.159382
0.162195
0.165648
0.16975
0.174513
0.17995
0.186075
0.192907
0.200465
0.208774
0.217858
0.227749
0.238478
0.250084
0.262609
0.276102
0.290616
0.306214
0.322964
0.340945
0.360243
0.380958
0.4032
0.427088
0.452755
0.480343
0.51
0.462222
0.434635
0.409097
0.385441
0.363511
0.343161
0.324263
0.3067
0.290371
0.275187
0.261068
0.247946
0.235761
0.22446
0.213996
0.20433
0.195424
0.187248
0.179773
0.172975
0.166833
0.161328
0.156442
0.152163
0.148478
0.145377
0.14285
0.140892
0.139497
0.138662
0.138384
0.138662
0.139497
0.140892
0.14285
0.145377
0.148478
0.152163
0.156442
0.161328
0.166833
0.172975
0.179773
0.187248
0.195424
0.20433
0.213996
0.22446
0.235761
0.247946
0.261068
0.275187
0.290371
0.3067
0.324263
0.343161
0.363511
0.385441
0.409097
0.434635
0.462222
0.412222
0.386886
0.363574
0.342095
0.322274
0.303955
0.286997
0.27128
0.2567
0.243167
0.230603
0.218942
0.208124
0.1981
0.188827
0.180265
0.172381
0.165147
0.158535
0.152525
0.147096
0.14223
0.137914
0.134134
0.130879
0.12814
0.125909
0.12418
0.122949
0.122211
0.121965
0.122211
0.122949
0.12418
0.125909
0.12814
0.130879
0.134134
0.137914
0.14223
0.147096
0.152525
0.158535
0.165147
0.172381
0.180265
0.188827
0.1981
0.208124
0.218942
0.230603
0.243167
0.2567
0.27128
0.286997
0.303955
0.322274
0.342095
0.363574
0.386886
0.412222
0.36
0.337121
0.316232
0.297113
0.279567
0.263423
0.248534
0.234775
0.222041
0.210244
0.199308
0.189171
0.179778
0.171081
0.163041
0.155623
0.148796
0.142533
0.136813
0.131613
0.126918
0.122712
0.11898
0.115713
0.1129
0.110534
0.108606
0.107112
0.106048
0.105411
0.105199
0.105411
0.106048
0.107112
0.108606
0.110534
0.1129
0.115713
0.11898
0.122712
0.126918
0.131613
0.136813
0.142533
0.148796
0.155623
0.163041
0.171081
0.179778
0.189171
0.199308
0.210244
0.222041
0.234775
0.248534
0.263423
0.279567
0.297113
0.316232
0.337121
0.36
0.305556
0.285373
0.267132
0.250577
0.235485
0.221669
0.208979
0.197288
0.186495
0.176514
0.167277
0.158725
0.150807
0.143484
0.136717
0.130477
0.124737
0.119474
0.114668
0.110301
0.106359
0.102827
0.0996953
0.0969533
0.0945929
0.0926069
0.0909897
0.0897365
0.0888439
0.0883093
0.0881313
0.0883093
0.0888439
0.0897365
0.0909897
0.0926069
0.0945929
0.0969533
0.0996953
0.102827
0.106359
0.110301
0.114668
0.119474
0.124737
0.130477
0.136717
0.143484
0.150807
0.158725
0.167277
0.176514
0.186495
0.197288
0.208979
0.221669
0.235485
0.250577
0.267132
0.285373
0.305556
0.248889
0.231687
0.216358
0.202594
0.190146
0.178818
0.168456
0.158941
0.150178
0.142089
0.134613
0.127699
0.121304
0.115393
0.109935
0.104905
0.100279
0.0960388
0.0921679
0.0886518
0.0854779
0.0826353
0.0801148
0.0779084
0.0760091
0.0744114
0.0731103
0.0721022
0.0713842
0.0709542
0.070811
0.0709542
0.0713842
0.0721022
0.0731103
0.0744114
0.0760091
0.0779084
0.0801148
0.0826353
0.0854779
0.0886518
0.0921679
0.0960388
0.100279
0.104905
0.109935
0.115393
0.121304
0.127699
0.134613
0.142089
0.150178
0.158941
0.168456
0.178818
0.190146
0.202594
0.216358
0.231687
0.248889
0.19
0.176134
0.164027
0.153308
0.143705
0.135021
0.127113
0.119873
0.113219
0.107088
0.101429
0.0961995
0.0913668
0.0869023
0.082782
0.0789858
0.0754963
0.0722987
0.0693802
0.0667296
0.0643375
0.0621954
0.0602962
0.0586338
0.0572029
0.0559993
0.0550192
0.0542599
0.053719
0.0533952
0.0532873
0.0533952
0.053719
0.0542599
0.0550192
0.0559993
0.0572029
0.0586338
0.0602962
0.0621954
0.0643375
0.0667296
0.0693802
0.0722987
0.0754963
0.0789858
0.082782
0.0869023
0.0913668
0.0961995
0.101429
0.107088
0.113219
0.119873
0.127113
0.135021
0.143705
0.153308
0.164027
0.176134
0.19
0.128889
0.118826
0.110314
0.102916
0.0963579
0.0904654
0.0851206
0.0802404
0.0757637
0.0716441
0.0678451
0.0643376
0.0610978
0.0581063
0.0553464
0.0528044
0.0504683
0.0483281
0.0463751
0.0446016
0.0430011
0.0415681
0.0402978
0.0391859
0.0382289
0.0374239
0.0367685
0.0362607
0.0358991
0.0356825
0.0356103
0.0356825
0.0358991
0.0362607
0.0367685
0.0374239
0.0382289
0.0391859
0.0402978
0.0415681
0.0430011
0.0446016
0.0463751
0.0483281
0.0504683
0.0528044
0.0553464
0.0581063
0.0610978
0.0643376
0.0678451
0.0716441
0.0757637
0.0802404
0.0851206
0.0904654
0.0963579
0.102916
0.110314
0.118826
0.128889
0.0655556
0.0599682
0.0554925
0.0516897
0.048354
0.0453726
0.0426765
0.0402194
0.0379683
0.0358984
0.0339909
0.0322306
0.0306052
0.0291048
0.0277209
0.0264465
0.0252755
0.0242029
0.0232241
0.0223354
0.0215335
0.0208155
0.020179
0.019622
0.0191426
0.0187393
0.018411
0.0181566
0.0179755
0.017867
0.0178309
0.017867
0.0179755
0.0181566
0.018411
0.0187393
0.0191426
0.019622
0.020179
0.0208155
0.0215335
0.0223354
0.0232241
0.0242029
0.0252755
0.0264465
0.0277209
0.0291048
0.0306052
0.0322306
0.0339909
0.0358984
0.0379683
0.0402194
0.0426765
0.0453726
0.048354
0.0516897
0.0554925
0.0599682
0.0655556
0
0
0
0
0
0
0
0
0
0
0
0
0
0
0
0
0
0
0
0
0
0
0
0
0
0
0
0
0
0
0
0
0
0
0
0
0
0
0
0
0
0
0
0
0
0
0
0
0
0
0
0
0
0
0
0
0
0
0
0
6.66134e-16
