30
30
-1
1
0.0666667
-1
1
0.0666667
0.00159265
0.209365
0.407997
0.588816
0.743926
0.866556
0.951351
0.99461
0.994444
0.950859
0.86576
0.742861
0.587528
0.406543
0.207808
6.10068e-16
0.207808
0.406543
0.587528
0.742861
0.86576
0.950859
0.994444
0.99461
0.951351
0.866556
0.743926
0.588816
0.407997
0.209365
0
0.128889
0.286684
0.440968
0.583178
0.706071
0.803635
0.871236
0.90581
0.906031
0.872416
0.807397
0.715427
0.603322
0.481378
0.366966
0.296406
0.366966
0.481378
0.603322
0.715427
0.807397
0.872416
0.906031
0.90581
0.871236
0.803635
0.706071
0.583178
0.440968
0.286684
0.128889
0.248889
0.367243
0.485212
0.595236
0.690942
0.767139
0.819942
0.846929
0.847287
0.821904
0.773461
0.706583
0.62821
0.548441
0.482245
0.451694
0.482245
0.548441
0.62821
0.706583
0.773461
0.821904
0.847287
0.846929
0.819942
0.767139
0.690942
0.595236
0.485212
0.367243
0.248889
0.36
0.447385
0.535841
0.619146
0.691961
0.749975
0.790045
0.810331
0.810415
0.791362
0.755787
0.70794
0.653881
0.601737
0.561854
0.545882
0.561854
0.601737
0.653881
0.70794
0.755787
0.791362
0.810415
0.810331
0.790045
0.749975
0.691961
0.619146
0.535841
0.447385
0.36
0.462222
0.524831
0.589155
0.650245
0.703805
0.746382
0.775511
0.789838
0.7892
0.774668
0.748558
0.714443
0.677143
0.64261
0.61753
0.608126
0.61753
0.64261
0.677143
0.714443
0.748558
0.774668
0.7892
0.789838
0.775511
0.746382
0.703805
0.650245
0.589155
0.524831
0.462222
0.555556
0.597958
0.642342
0.684898
0.722281
0.751801
0.771569
0.780597
0.778858
0.767303
0.74784
0.723283
0.697248
0.673906
0.657514
0.651558
0.657514
0.673906
0.697248
0.723283
0.74784
0.767303
0.778858
0.780597
0.771569
0.751801
0.722281
0.684898
0.642342
0.597958
0.555556
0.64
0.665563
0.693297
0.720354
0.744185
0.762731
0.77455
0.778903
0.775807
0.766026
0.751033
0.732943
0.714366
0.698161
0.687047
0.683079
0.687047
0.698161
0.714366
0.732943
0.751033
0.766026
0.775807
0.778903
0.77455
0.762731
0.744185
0.720354
0.693297
0.665563
0.64
0.715556
0.726789
0.740511
0.754613
0.76716
0.776564
0.781703
0.781987
0.777411
0.768529
0.756417
0.742595
0.728898
0.717259
0.709428
0.706663
0.709428
0.717259
0.728898
0.742595
0.756417
0.768529
0.777411
0.781987
0.781703
0.776564
0.76716
0.754613
0.740511
0.726789
0.715556
0.782222
0.78109
0.782996
0.786328
0.789568
0.791444
0.79104
0.787839
0.781775
0.7732
0.762848
0.751771
0.741225
0.732504
0.72674
0.724724
0.72674
0.732504
0.741225
0.751771
0.762848
0.7732
0.781775
0.787839
0.79104
0.791444
0.789568
0.786328
0.782996
0.78109
0.782222
0.84
0.828184
0.820188
0.814657
0.810315
0.80608
0.801143
0.795011
0.787536
0.778894
0.769543
0.760175
0.75163
0.744762
0.740302
0.738756
0.740302
0.744762
0.75163
0.760175
0.769543
0.778894
0.787536
0.795011
0.801143
0.80608
0.810315
0.814657
0.820188
0.828184
0.84
0.888889
0.867987
0.851823
0.839121
0.828708
0.819592
0.811012
0.80246
0.793712
0.784792
0.775946
0.7676
0.760296
0.754588
0.750946
0.749694
0.750946
0.754588
0.760296
0.7676
0.775946
0.784792
0.793712
0.80246
0.811012
0.819592
0.828708
0.839121
0.851823
0.867987
0.888889
0.928889
0.900528
0.877821
0.859465
0.844307
0.831384
0.819941
0.809444
0.799596
0.790305
0.781657
0.773887
0.767328
0.762332
0.759195
0.758125
0.759195
0.762332
0.767328
0.773887
0.781657
0.790305
0.799596
0.809444
0.819941
0.831384
0.844307
0.859465
0.877821
0.900528
0.928889
0.96
0.925873
0.898175
0.875547
0.856824
0.841039
0.82743
0.81543
0.804685
0.795015
0.786393
0.77892
0.772788
0.768213
0.76538
0.76442
0.76538
0.768213
0.772788
0.77892
0.786393
0.795015
0.804685
0.81543
0.82743
0.841039
0.856824
0.875547
0.898175
0.925873
0.96
0.982222
0.944047
0.912847
0.887229
0.866015
0.848229
0.833093
0.820017
0.808602
0.798611
0.789939
0.7826
0.776696
0.772357
0.769696
0.768799
0.769696
0.772357
0.776696
0.7826
0.789939
0.798611
0.808602
0.820017
0.833093
0.848229
0.866015
0.887229
0.912847
0.944047
0.982222
0.995556
0.955012
0.921739
0.894347
0.871654
0.852676
0.836627
0.822899
0.811068
0.800862
0.792132
0.784843
0.779047
0.774825
0.772251
0.771386
0.772251
0.774825
0.779047
0.784843
0.792132
0.800862
0.811068
0.822899
0.836627
0.852676
0.871654
0.894347
0.921739
0.955012
0.995556
1
0.958685
0.924726
0.896745
0.873559
0.854184
0.837829
0.823882
0.81191
0.801628
0.792874
0.785597
0.779832
0.775645
0.773098
0.772242
0.773098
0.775645
0.779832
0.785597
0.792874
0.801628
0.81191
0.823882
0.837829
0.854184
0.873559
0.896745
0.924726
0.958685
1
0.995556
0.955012
0.921739
0.894347
0.871654
0.852676
0.836627
0.822899
0.811068
0.800862
0.792132
0.784843
0.779047
0.774825
0.772251
0.771386
0.772251
0.774825
0.779047
0.784843
0.792132
0.800862
0.811068
0.822899
0.836627
0.852676
0.871654
0.894347
0.921739
0.955012
0.995556
0.982222
0.944047
0.912847
0.887229
0.866015
0.848229
0.833093
0.820017
0.808602
0.798611
0.789939
0.7826
0.776696
0.772357
0.769696
0.768799
0.769696
0.772357
0.776696
0.7826
0.789939
0.798611
0.808602
0.820017
0.833093
0.848229
0.866015
0.887229
0.912847
0.944047
0.982222
0.96
0.925873
0.898175
0.875547
0.856824
0.841039
0.82743
0.81543
0.804685
0.795015
0.786393
0.77892
0.772788
0.768213
0.76538
0.76442
0.76538
0.768213
0.772788
0.77892
0.786393
0.795015
0.804685
0.81543
0.82743
0.841039
0.856824
0.875547
0.898175
0.925873
0.96
0.928889
0.900528
0.877821
0.859465
0.844307
0.831384
0.819941
0.809444
0.799596
0.790305
0.781657
0.773887
0.767328
0.762332
0.759195
0.758125
0.759195
0.762332
0.767328
0.773887
0.781657
0.790305
0.799596
0.809444
0.819941
0.831384
0.844307
0.859465
0.877821
0.900528
0.928889
0.888889
0.867987
0.851823
0.839121
0.828708
0.819592
0.811012
0.80246
0.793712
0.784792
0.775946
0.7676
0.760296
0.754588
0.750946
0.749694
0.750946
0.754588
0.760296
0.7676
0.775946
0.784792
0.793712
0.80246
0.811012
0.819592
0.828708
0.839121
0.851823
0.867987
0.888889
0.84
0.828184
0.820188
0.814657
0.810315
0.80608
0.801143
0.795011
0.787536
0.778894
0.769543
0.760175
0.75163
0.744762
0.740302
0.738756
0.740302
0.744762
0.75163
0.760175
0.769543
0.778894
0.787536
0.795011
0.801143
0.80608
0.810315
0.814657
0.820188
0.828184
0.84
0.782222
0.78109
0.782996
0.786328
0.789568
0.791444
0.79104
0.787839
0.781775
0.7732
0.762848
0.751771
0.741225
0.732504
0.72674
0.724724
0.72674
0.732504
0.741225
0.751771
0.762848
0.7732
0.781775
0.787839
0.79104
0.791444
0.789568
0.786328
0.782996
0.78109
0.782222
0.715556
0.726789
0.740511
0.754613
0.76716
0.776564
0.781703
0.781987
0.777411
0.768529
0.756417
0.742595
0.728898
0.717259
0.709428
0.706663
0.709428
0.717259
0.728898
0.742595
0.756417
0.768529
0.777411
0.781987
0.781703
0.776564
0.76716
0.754613
0.740511
0.726789
0.715556
0.64
0.665563
0.693297
0.720354
0.744185
0.762731
0.77455
0.778903
0.775807
0.766026
0.751033
0.732943
0.714366
0.698161
0.687047
0.683079
0.687047
0.698161
0.714366
0.732943
0.751033
0.766026
0.775807
0.778903
0.77455
0.762731
0.744185
0.720354
0.693297
0.665563
0.64
0.555556
0.597958
0.642342
0.684898
0.722281
0.751801
0.771569
0.780597
0.778858
0.767303
0.74784
0.723283
0.697248
0.673906
0.657514
0.651558
0.657514
0.673906
0.697248
0.723283
0.74784
0.767303
0.778858
0.780597
0.771569
0.751801
0.722281
0.684898
0.642342
0.597958
0.555556
0.462222
0.524831
0.589155
0.650245
0.703805
0.746382
0.775511
0.789838
0.7892
0.774668
0.748558
0.714443
0.677143
0.64261
0.61753
0.608126
0.61753
0.64261
0.677143
0.714443
0.748558
0.774668
0.7892
0.789838
0.775511
0.746382
0.703805
0.650245
0.589155
0.524831
0.462222
0.36
0.447385
0.535841
0.619146
0.691961
0.749975
0.790045
0.810331
0.810415
0.791362
0.755787
0.70794
0.653881
0.601737
0.561854
0.545882
0.561854
0.601737
0.653881
0.70794
0.755787
0.791362
0.810415
0.810331
0.790045
0.749975
0.691961
0.619146
0.535841
0.447385
0.36
0.248889
0.367243
0.485212
0.595236
0.690942
0.767139
0.819942
0.846929
0.847287
0.821904
0.773461
0.706583
0.62821
0.548441
0.482245
0.451694
0.482245
0.548441
0.62821
0.706583
0.773461
0.821904
0.847287
0.846929
0.819942
0.767139
0.690942
0.595236
0.485212
0.367243
0.248889
0.128889
0.286684
0.440968
0.583178
0.706071
0.803635
0.871236
0.90581
0.906031
0.872416
0.807397
0.715427
0.603322
0.481378
0.366966
0.296406
0.366966
0.481378
0.603322
0.715427
0.807397
0.872416
0.906031
0.90581
0.871236
0.803635
0.706071
0.583178
0.440968
0.286684
0.128889
0.00159265
0.209365
0.407997
0.588816
0.743926
0.866556
0.951351
0.99461
0.994444
0.950859
0.86576
0.742861
0.587528
0.406543
0.207808
6.10068e-16
0.207808
0.406543
0.587528
0.742861
0.86576
0.950859
0.994444
0.99461
0.951351
0.866556
0.743926
0.588816
0.407997
0.209365
6.66134e-16
